0.000000000000000　-2.309401076758503        0.000000000000000
1.000000000000000  -1.732050807568878        0.000000000000000
2.000000000000000　-1.154700538379252        0.000000000000000
-1.000000000000000　-1.732050807568878        0.000000000000000
0.000000000000000 -1.154700538379252        1.000000000000000
1.000000000000000       -0.577350269189626        1.000000000000000
2.000000000000000        0.000000000000000        0.000000000000000
-2.000000000000000       -1.154700538379252        0.000000000000000
-1.000000000000000       -0.577350269189626        1.000000000000000
1.000000000000000        0.577350269189626        1.000000000000000
2.000000000000000        1.154700538379252        0.000000000000000
-2.000000000000000        0.000000000000000        0.000000000000000
-1.000000000000000        0.577350269189626        1.000000000000000
0.000000000000000        1.154700538379252        1.000000000000000
1.000000000000000        1.732050807568878        0.000000000000000
-2.000000000000000        1.154700538379252        0.000000000000000
-1.000000000000000        1.732050807568878        0.000000000000000
0.000000000000000        2.309401076758503        0.000000000000000